subreddit,title,selftext,author,id,permalink,url,created_utc,score,upvote_ratio,ups,downs,num_comments,total_awards_received,gilded,is_video,is_original_content,is_self,over_18,spoiler,link_flair_text,thumbnail,name
datascience,Interview Query in 2024?,"Hi, I’m currently a manager to a ML team at a mid sized startup, and looking to prepare for my next steps.. I stumbled upon InterviewQuery and it seems like a good platform to familiarize with the technical questions asked for ML roles across companies (and its BF right now..)

I’ll be very grateful if you are willing to share your experience using them (number of questions , do they end up helping you with interviews, etc) , or if you think that it’s better to learn from some other resource like books or YouTube. It’s been awhile since I had my last interview, so I’m looking to gauge and plan my preparation..

Thanks!",ArticleLegal5612,1h2r4d0,https://reddit.com/r/datascience/comments/1h2r4d0/interview_query_in_2024/,https://www.reddit.com/r/datascience/comments/1h2r4d0/interview_query_in_2024/,2024-11-29 17:37:12,30,0.82,30,0,22,0,0,False,False,True,False,False,Discussion,self,t3_1h2r4d0
datascience,Recommendations for self-studying time series and forecasting models? ,"This is becoming relevant for my job but is not something I have experience with. I know they're a pretty complex set of models though. Those of you with strong backgrounds in this topic, what are some good resources for a noob to start with? ",SkipGram,1h3bi3q,https://reddit.com/r/datascience/comments/1h3bi3q/recommendations_for_selfstudying_time_series_and/,https://www.reddit.com/r/datascience/comments/1h3bi3q/recommendations_for_selfstudying_time_series_and/,2024-11-30 12:25:01,15,0.94,15,0,6,0,0,False,False,True,False,False,Discussion,self,t3_1h3bi3q
datascience,Ideas for local networking?,I’ve joined local DS/ML meetup groups in the past and didn’t see much benefit. Any advice for networking locally and in person?,galactictock,1h32pu0,https://reddit.com/r/datascience/comments/1h32pu0/ideas_for_local_networking/,https://www.reddit.com/r/datascience/comments/1h32pu0/ideas_for_local_networking/,2024-11-30 02:45:08,6,0.88,6,0,3,0,0,False,False,True,False,False,Discussion,self,t3_1h32pu0
datascience,AWS released new Multi-AI Agent framework,,mehul_gupta1997,1h379cw,https://reddit.com/r/datascience/comments/1h379cw/aws_released_new_multiai_agent_framework/,/r/OpenAI/comments/1h378tb/aws_released_new_multiai_agent_framework/,2024-11-30 07:19:23,1,0.6,1,0,1,0,0,False,False,False,False,False,AI,default,t3_1h379cw
